tAF5	 tAFx   starId	    etaS[deg]	sig_eta[mas]   zetaS[deg]	sig_zeta[mas]	etaJup[deg]	zetaJup[deg]	etaSpin[deg]	zetaSpin[deg] jupPosGCX[m]  jupPosGCY[m]  jupPosGCZ[m]  gaiaPosX[m]  gaiaPosY[m]  gaiaPosZ[m]   long_jupGC[deg]   lat_jupGC[deg]  long_gaia[deg]   lat_gaia[deg]   starRA[deg]  starDec[deg] 
2017.145239214684  2017.1452385988002  3631075715518049024  0.44750433292150116  0.09996854147797855  0.14984735116449172  0.37277543215919284  0.012973201425957532  0.02089500799169297  20.471556960709766  22.787461369609243  -6.550937531438849E11  -2.5707526550541425E11  -9.13500871341384E10  -1.3384774081377646E11  6.053463415845926E10  2.6303599210822388E10  201.42629119478758  -7.396121100790168  155.66443035448955  10.151666988691632  201.55277635251633  -7.831721854519078
2017.145239214684  2017.1452385988002  3631485528413582336  -0.5870432151236787  0.0728447358944604  0.05275157455000285  0.3123330046751071  0.012973201425957532  0.02089500799169297  20.471556960709766  22.787461369609243  -6.550937531438849E11  -2.5707526550541425E11  -9.13500871341384E10  -1.3384774081377646E11  6.053463415845926E10  2.6303599210822388E10  201.42629119478758  -7.396121100790168  155.66443035448955  10.151666988691632  201.4634987361527  -6.796371214764134
2017.145239214684  2017.1452385988002  3631191099815174272  0.11571359498925132  0.09182039184012071  0.07548194903165568  0.3391770318832714  0.012973201425957532  0.02089500799169297  20.471556960709766  22.787461369609243  -6.550937531438849E11  -2.5707526550541425E11  -9.13500871341384E10  -1.3384774081377646E11  6.053463415845926E10  2.6303599210822388E10  201.42629119478758  -7.396121100790168  155.66443035448955  10.151666988691632  201.4804831744431  -7.499323745004589
2017.145239214684  2017.1452385988002  3631256894418771584  -0.1456321710183917  0.09682392772019029  -0.0743590297806779  0.3116251692483202  0.012973201425957532  0.02089500799169297  20.471556960709766  22.787461369609243  -6.550937531438849E11  -2.5707526550541425E11  -9.13500871341384E10  -1.3384774081377646E11  6.053463415845926E10  2.6303599210822388E10  201.42629119478758  -7.396121100790168  155.66443035448955  10.151666988691632  201.33164106965066  -7.236694512025911
2017.145239214684  2017.1452385988002  3631266072764288000  -0.26516812204603324  0.10302505722994215  -0.0239834010348809  0.38903693794086575  0.012973201425957532  0.02089500799169297  20.471556960709766  22.787461369609243  -6.550937531438849E11  -2.5707526550541425E11  -9.13500871341384E10  -1.3384774081377646E11  6.053463415845926E10  2.6303599210822388E10  201.42629119478758  -7.396121100790168  155.66443035448955  10.151666988691632  201.3834269424686  -7.117590072993389
2017.145239214684  2017.1452385988002  3631298199119733504  -0.5711044977919257  0.07611586061147359  0.20882256383901046  0.29754099166672676  0.012973201425957532  0.02089500799169297  20.471556960709766  22.787461369609243  -6.550937531438849E11  -2.5707526550541425E11  -9.13500871341384E10  -1.3384774081377646E11  6.053463415845926E10  2.6303599210822388E10  201.42629119478758  -7.396121100790168  155.66443035448955  10.151666988691632  201.62051664240363  -6.813577663001455
2017.145239214684  2017.1452385988002  3631241265033227392  -0.05069711604827266  0.07438804610474478  0.18599858980757153  0.2548928935395088  0.012973201425957532  0.02089500799169297  20.471556960709766  22.787461369609243  -6.550937531438849E11  -2.5707526550541425E11  -9.13500871341384E10  -1.3384774081377646E11  6.053463415845926E10  2.6303599210822388E10  201.42629119478758  -7.396121100790168  155.66443035448955  10.151666988691632  201.5933029535788  -7.333806486530173
2017.145239214684  2017.1452385988002  3631239925003381248  -1.5142253543513102E-7  0.10097501025396843  -3.6707289483535455E-6  0.36818535888800397  0.012973201425957532  0.02089500799169297  20.471556960709766  22.787461369609243  -6.550937531438849E11  -2.5707526550541425E11  -9.13500871341384E10  -1.3384774081377646E11  6.053463415845926E10  2.6303599210822388E10  201.42629119478758  -7.396121100790168  155.66443035448955  10.151666988691632  201.40532968017268  -7.382970248504823
2017.145239214684  2017.1452385988002  3631255107712373376  -0.2825577248056134  0.06525088812426078  0.15729141873063646  0.2726565351402387  0.012973201425957532  0.02089500799169297  20.471556960709766  22.787461369609243  -6.550937531438849E11  -2.5707526550541425E11  -9.13500871341384E10  -1.3384774081377646E11  6.053463415845926E10  2.6303599210822388E10  201.42629119478758  -7.396121100790168  155.66443035448955  10.151666988691632  201.56624983214004  -7.101703793637456
2017.145239214684  2017.1452385988002  3631145740665759616  0.06684246806136937  0.09362104619793904  -0.07551323011487267  0.31184068332915194  0.012973201425957532  0.02089500799169297  20.471556960709766  22.787461369609243  -6.550937531438849E11  -2.5707526550541425E11  -9.13500871341384E10  -1.3384774081377646E11  6.053463415845926E10  2.6303599210822388E10  201.42629119478758  -7.396121100790168  155.66443035448955  10.151666988691632  201.3286039416334  -7.449173145677019
2017.145239214684  2017.1452385988002  3631186628753669888  0.20106747222299676  0.07918941829525468  0.1652206425217245  0.2880647525289096  0.012973201425957532  0.02089500799169297  20.471556960709766  22.787461369609243  -6.550937531438849E11  -2.5707526550541425E11  -9.13500871341384E10  -1.3384774081377646E11  6.053463415845926E10  2.6303599210822388E10  201.42629119478758  -7.396121100790168  155.66443035448955  10.151666988691632  201.57029528068566  -7.585410107273821
2017.145239214684  2017.1452385988002  3631095407943986048  0.22895939134938173  0.09933849769113146  0.05866019713017741  0.33081594587443397  0.012973201425957532  0.02089500799169297  20.471556960709766  22.787461369609243  -6.550937531438849E11  -2.5707526550541425E11  -9.13500871341384E10  -1.3384774081377646E11  6.053463415845926E10  2.6303599210822388E10  201.42629119478758  -7.396121100790168  155.66443035448955  10.151666988691632  201.4625610760376  -7.612431781932324
2017.145239214684  2017.1452385988002  3631244559272698112  -0.08871322501803355  0.09220476835864211  -0.037529096969589684  0.3243435255708173  0.012973201425957532  0.02089500799169297  20.471556960709766  22.787461369609243  -6.550937531438849E11  -2.5707526550541425E11  -9.13500871341384E10  -1.3384774081377646E11  6.053463415845926E10  2.6303599210822388E10  201.42629119478758  -7.396121100790168  155.66443035448955  10.151666988691632  201.36825537925014  -7.293934933562276
2017.145239214684  2017.1452385988002  3631244937229820800  -0.07904606702228156  0.09807281180167111  0.050914969307667375  0.37560776180215183  0.012973201425957532  0.02089500799169297  20.471556960709766  22.787461369609243  -6.550937531438849E11  -2.5707526550541425E11  -9.13500871341384E10  -1.3384774081377646E11  6.053463415845926E10  2.6303599210822388E10  201.42629119478758  -7.396121100790168  155.66443035448955  10.151666988691632  201.45735105837025  -7.3043506056411065
2017.145239214684  2017.1452385988002  3631089188831339264  0.3477180743756432  0.10390891191356395  0.04581072661716749  0.3521180648212321  0.012973201425957532  0.02089500799169297  20.471556960709766  22.787461369609243  -6.550937531438849E11  -2.5707526550541425E11  -9.13500871341384E10  -1.3384774081377646E11  6.053463415845926E10  2.6303599210822388E10  201.42629119478758  -7.396121100790168  155.66443035448955  10.151666988691632  201.44859346652277  -7.731079716176317
2017.145239214684  2017.1452385988002  3631096438736162944  0.14242365928558615  0.06448154506864454  0.08124596828554426  0.20504196123220025  0.012973201425957532  0.02089500799169297  20.471556960709766  22.787461369609243  -6.550937531438849E11  -2.5707526550541425E11  -9.13500871341384E10  -1.3384774081377646E11  6.053463415845926E10  2.6303599210822388E10  201.42629119478758  -7.396121100790168  155.66443035448955  10.151666988691632  201.48607745878388  -7.526079147562508
2017.145239214684  2017.1452387526733  3631075715518049024  0.4475043431800663  0.05439704366176936  0.14984484792440755  0.1821157581396401  0.012971930967372966  0.020892296643392642  20.390656879942355  22.787228527839133  -6.550936713704648E11  -2.570751974744138E11  -9.13500580845204E10  -1.3384780728122192E11  6.053451260211596E10  2.6303546846305637E10  201.42628847079968  -7.396119824315856  155.66448423573544  10.151646490786355  201.55277635251633  -7.831721854519078
2017.145239214684  2017.1452387526733  3631485528413582336  -0.587043309611384  0.04546060519747644  0.0527525297669644  0.1600102930132998  0.012971930967372966  0.020892296643392642  20.390656879942355  22.787228527839133  -6.550936713704648E11  -2.570751974744138E11  -9.13500580845204E10  -1.3384780728122192E11  6.053451260211596E10  2.6303546846305637E10  201.42628847079968  -7.396119824315856  155.66448423573544  10.151646490786355  201.4634987361527  -6.796371214764134
2017.145239214684  2017.1452387526733  3631191099815174272  0.11571368798304459  0.07740370650084154  0.07548254527398349  0.29230028033582495  0.012971930967372966  0.020892296643392642  20.390656879942355  22.787228527839133  -6.550936713704648E11  -2.570751974744138E11  -9.13500580845204E10  -1.3384780728122192E11  6.053451260211596E10  2.6303546846305637E10  201.42628847079968  -7.396119824315856  155.66448423573544  10.151646490786355  201.4804831744431  -7.499323745004589
2017.145239214684  2017.1452387526733  3631256894418771584  -0.14563220028576362  0.06975408139341313  -0.07435955570597969  0.23790511086257174  0.012971930967372966  0.020892296643392642  20.390656879942355  22.787228527839133  -6.550936713704648E11  -2.570751974744138E11  -9.13500580845204E10  -1.3384780728122192E11  6.053451260211596E10  2.6303546846305637E10  201.42628847079968  -7.396119824315856  155.66448423573544  10.151646490786355  201.33164106965066  -7.236694512025911
2017.145239214684  2017.1452387526733  3631266072764288000  -0.26516810442546235  0.08797135765183255  -0.023984038805300496  0.3253259248251561  0.012971930967372966  0.020892296643392642  20.390656879942355  22.787228527839133  -6.550936713704648E11  -2.570751974744138E11  -9.13500580845204E10  -1.3384780728122192E11  6.053451260211596E10  2.6303546846305637E10  201.42628847079968  -7.396119824315856  155.66448423573544  10.151646490786355  201.3834269424686  -7.117590072993389
2017.145239214684  2017.1452387526733  3631298199119733504  -0.5711045630292173  0.06783741291843137  0.2088249266816395  0.25111543863709085  0.012971930967372966  0.020892296643392642  20.390656879942355  22.787228527839133  -6.550936713704648E11  -2.570751974744138E11  -9.13500580845204E10  -1.3384780728122192E11  6.053451260211596E10  2.6303546846305637E10  201.42628847079968  -7.396119824315856  155.66448423573544  10.151646490786355  201.62051664240363  -6.813577663001455
2017.145239214684  2017.1452387526733  3631241265033227392  -0.05069710981349307  0.0491630232006173  0.18599858509701978  0.16897193079441786  0.012971930967372966  0.020892296643392642  20.390656879942355  22.787228527839133  -6.550936713704648E11  -2.570751974744138E11  -9.13500580845204E10  -1.3384780728122192E11  6.053451260211596E10  2.6303546846305637E10  201.42628847079968  -7.396119824315856  155.66448423573544  10.151646490786355  201.5933029535788  -7.333806486530173
2017.145239214684  2017.1452387526733  3631239925003381248  -2.614732969774435E-9  0.08528985358870805  -3.988372772266024E-6  0.3147434445626568  0.012971930967372966  0.020892296643392642  20.390656879942355  22.787228527839133  -6.550936713704648E11  -2.570751974744138E11  -9.13500580845204E10  -1.3384780728122192E11  6.053451260211596E10  2.6303546846305637E10  201.42628847079968  -7.396119824315856  155.66448423573544  10.151646490786355  201.40532968017268  -7.382970248504823
2017.145239214684  2017.1452387526733  3631255107712373376  -0.2825578001744818  0.05953047281683922  0.15729202396599748  0.19845177074708045  0.012971930967372966  0.020892296643392642  20.390656879942355  22.787228527839133  -6.550936713704648E11  -2.570751974744138E11  -9.13500580845204E10  -1.3384780728122192E11  6.053451260211596E10  2.6303546846305637E10  201.42628847079968  -7.396119824315856  155.66448423573544  10.151646490786355  201.56624983214004  -7.101703793637456
2017.145239214684  2017.1452387526733  3631145740665759616  0.06684226565775891  0.08145711351799904  -0.07551441293779125  0.28571638794150206  0.012971930967372966  0.020892296643392642  20.390656879942355  22.787228527839133  -6.550936713704648E11  -2.570751974744138E11  -9.13500580845204E10  -1.3384780728122192E11  6.053451260211596E10  2.6303546846305637E10  201.42628847079968  -7.396119824315856  155.66448423573544  10.151646490786355  201.3286039416334  -7.449173145677019
2017.145239214684  2017.1452387526733  3631186628753669888  0.20106751999439462  0.07216419749482073  0.1652229408405324  0.2517940270474646  0.012971930967372966  0.020892296643392642  20.390656879942355  22.787228527839133  -6.550936713704648E11  -2.570751974744138E11  -9.13500580845204E10  -1.3384780728122192E11  6.053451260211596E10  2.6303546846305637E10  201.42628847079968  -7.396119824315856  155.66448423573544  10.151646490786355  201.57029528068566  -7.585410107273821
2017.145239214684  2017.1452387526733  3631095407943986048  0.2289595202039274  0.08406823385386276  0.05866577055829275  0.3081659325871151  0.012971930967372966  0.020892296643392642  20.390656879942355  22.787228527839133  -6.550936713704648E11  -2.570751974744138E11  -9.13500580845204E10  -1.3384780728122192E11  6.053451260211596E10  2.6303546846305637E10  201.42628847079968  -7.396119824315856  155.66448423573544  10.151646490786355  201.4625610760376  -7.612431781932324
2017.145239214684  2017.1452387526733  3631244559272698112  -0.08871327322679835  0.06443441905026516  -0.03752869469675505  0.2365740320128389  0.012971930967372966  0.020892296643392642  20.390656879942355  22.787228527839133  -6.550936713704648E11  -2.570751974744138E11  -9.13500580845204E10  -1.3384780728122192E11  6.053451260211596E10  2.6303546846305637E10  201.42628847079968  -7.396119824315856  155.66448423573544  10.151646490786355  201.36825537925014  -7.293934933562276
2017.145239214684  2017.1452387526733  3631244937229820800  -0.07904605850999157  0.060808837244946394  0.050916134568606226  0.21603622549003923  0.012971930967372966  0.020892296643392642  20.390656879942355  22.787228527839133  -6.550936713704648E11  -2.570751974744138E11  -9.13500580845204E10  -1.3384780728122192E11  6.053451260211596E10  2.6303546846305637E10  201.42628847079968  -7.396119824315856  155.66448423573544  10.151646490786355  201.45735105837025  -7.3043506056411065
2017.145239214684  2017.1452387526733  3631089188831339264  0.3477181683453383  0.05384087568885577  0.04581026356623653  0.1923074274607934  0.012971930967372966  0.020892296643392642  20.390656879942355  22.787228527839133  -6.550936713704648E11  -2.570751974744138E11  -9.13500580845204E10  -1.3384780728122192E11  6.053451260211596E10  2.6303546846305637E10  201.42628847079968  -7.396119824315856  155.66448423573544  10.151646490786355  201.44859346652277  -7.731079716176317
2017.145239214684  2017.1452387526733  3631096438736162944  0.14242372385458762  0.047749150030041  0.08124556338007714  0.17391350339446218  0.012971930967372966  0.020892296643392642  20.390656879942355  22.787228527839133  -6.550936713704648E11  -2.570751974744138E11  -9.13500580845204E10  -1.3384780728122192E11  6.053451260211596E10  2.6303546846305637E10  201.42628847079968  -7.396119824315856  155.66448423573544  10.151646490786355  201.48607745878388  -7.526079147562508
2017.145239214684  2017.1452389066774  3631075715518049024  0.44750439503140854  0.05912716081852059  0.14984421426963027  0.21944977011997252  0.0129706936259642  0.020889577375502167  20.309687827612343  22.786995487246912  -6.550935895274536E11  -2.5707512938535245E11  -9.135002901010945E10  -1.3384787380520467E11  6.053439094207957E10  2.6303494437119038E10  201.42628574448034  -7.396118546749782  155.66453816291067  10.151625975396742  201.55277635251633  -7.831721854519078
2017.145239214684  2017.1452389066774  3631485528413582336  -0.5870432432836621  0.05862045149555561  0.052752625879740125  0.22767725839233027  0.0129706936259642  0.020889577375502167  20.309687827612343  22.786995487246912  -6.550935895274536E11  -2.5707512938535245E11  -9.135002901010945E10  -1.3384787380520467E11  6.053439094207957E10  2.6303494437119038E10  201.42628574448034  -7.396118546749782  155.66453816291067  10.151625975396742  201.4634987361527  -6.796371214764134
2017.145239214684  2017.1452389066774  3631191099815174272  0.11571373174351811  0.0740622941061028  0.07548529713791417  0.2933666129701305  0.0129706936259642  0.020889577375502167  20.309687827612343  22.786995487246912  -6.550935895274536E11  -2.5707512938535245E11  -9.135002901010945E10  -1.3384787380520467E11  6.053439094207957E10  2.6303494437119038E10  201.42628574448034  -7.396118546749782  155.66453816291067  10.151625975396742  201.4804831744431  -7.499323745004589
2017.145239214684  2017.1452389066774  3631256894418771584  -0.14563219527270632  0.06992048035247174  -0.07435960141088638  0.2624621901595965  0.0129706936259642  0.020889577375502167  20.309687827612343  22.786995487246912  -6.550935895274536E11  -2.5707512938535245E11  -9.135002901010945E10  -1.3384787380520467E11  6.053439094207957E10  2.6303494437119038E10  201.42628574448034  -7.396118546749782  155.66453816291067  10.151625975396742  201.33164106965066  -7.236694512025911
2017.145239214684  2017.1452389066774  3631266072764288000  -0.2651681317872231  0.07595971150995738  -0.023984333337839184  0.32016581259085797  0.0129706936259642  0.020889577375502167  20.309687827612343  22.786995487246912  -6.550935895274536E11  -2.5707512938535245E11  -9.135002901010945E10  -1.3384787380520467E11  6.053439094207957E10  2.6303494437119038E10  201.42628574448034  -7.396118546749782  155.66453816291067  10.151625975396742  201.3834269424686  -7.117590072993389
2017.145239214684  2017.1452389066774  3631298199119733504  -0.5711044668387946  0.06608638186690771  0.20882509900821922  0.25698844946920874  0.0129706936259642  0.020889577375502167  20.309687827612343  22.786995487246912  -6.550935895274536E11  -2.5707512938535245E11  -9.135002901010945E10  -1.3384787380520467E11  6.053439094207957E10  2.6303494437119038E10  201.42628574448034  -7.396118546749782  155.66453816291067  10.151625975396742  201.62051664240363  -6.813577663001455
2017.145239214684  2017.1452389066774  3631241265033227392  -0.050697139994023255  0.04710338842282599  0.18599819751834915  0.17277219054847956  0.0129706936259642  0.020889577375502167  20.309687827612343  22.786995487246912  -6.550935895274536E11  -2.5707512938535245E11  -9.135002901010945E10  -1.3384787380520467E11  6.053439094207957E10  2.6303494437119038E10  201.42628574448034  -7.396118546749782  155.66453816291067  10.151625975396742  201.5933029535788  -7.333806486530173
2017.145239214684  2017.1452389066774  3631239925003381248  -7.411674317984871E-8  0.07409782557344693  -4.594725513218762E-6  0.3086362517792732  0.0129706936259642  0.020889577375502167  20.309687827612343  22.786995487246912  -6.550935895274536E11  -2.5707512938535245E11  -9.135002901010945E10  -1.3384787380520467E11  6.053439094207957E10  2.6303494437119038E10  201.42628574448034  -7.396118546749782  155.66453816291067  10.151625975396742  201.40532968017268  -7.382970248504823
2017.145239214684  2017.1452389066774  3631255107712373376  -0.2825578566115808  0.05248872120532867  0.15729167026660226  0.20595685153943485  0.0129706936259642  0.020889577375502167  20.309687827612343  22.786995487246912  -6.550935895274536E11  -2.5707512938535245E11  -9.135002901010945E10  -1.3384787380520467E11  6.053439094207957E10  2.6303494437119038E10  201.42628574448034  -7.396118546749782  155.66453816291067  10.151625975396742  201.56624983214004  -7.101703793637456
2017.145239214684  2017.1452389066774  3631145740665759616  0.06684239012259403  0.07026195703216272  -0.07551455408315712  0.28010065206023865  0.0129706936259642  0.020889577375502167  20.309687827612343  22.786995487246912  -6.550935895274536E11  -2.5707512938535245E11  -9.135002901010945E10  -1.3384787380520467E11  6.053439094207957E10  2.6303494437119038E10  201.42628574448034  -7.396118546749782  155.66453816291067  10.151625975396742  201.3286039416334  -7.449173145677019
2017.145239214684  2017.1452389066774  3631186628753669888  0.20106754526775708  0.06679019169679094  0.16522428819837132  0.25664837314817124  0.0129706936259642  0.020889577375502167  20.309687827612343  22.786995487246912  -6.550935895274536E11  -2.5707512938535245E11  -9.135002901010945E10  -1.3384787380520467E11  6.053439094207957E10  2.6303494437119038E10  201.42628574448034  -7.396118546749782  155.66453816291067  10.151625975396742  201.57029528068566  -7.585410107273821
2017.145239214684  2017.1452389066774  3631095407943986048  0.22895952616111448  0.07762451752159281  0.05866549597380236  0.3110279620504007  0.0129706936259642  0.020889577375502167  20.309687827612343  22.786995487246912  -6.550935895274536E11  -2.5707512938535245E11  -9.135002901010945E10  -1.3384787380520467E11  6.053439094207957E10  2.6303494437119038E10  201.42628574448034  -7.396118546749782  155.66453816291067  10.151625975396742  201.4625610760376  -7.612431781932324
2017.145239214684  2017.1452389066774  3631244559272698112  -0.08871323566423214  0.05535842061132185  -0.037528719686090506  0.23255410061473958  0.0129706936259642  0.020889577375502167  20.309687827612343  22.786995487246912  -6.550935895274536E11  -2.5707512938535245E11  -9.135002901010945E10  -1.3384787380520467E11  6.053439094207957E10  2.6303494437119038E10  201.42628574448034  -7.396118546749782  155.66453816291067  10.151625975396742  201.36825537925014  -7.293934933562276
2017.145239214684  2017.1452389066774  3631244937229820800  -0.07904606270282616  0.055911466974341344  0.050915767755446505  0.2164388093331363  0.0129706936259642  0.020889577375502167  20.309687827612343  22.786995487246912  -6.550935895274536E11  -2.5707512938535245E11  -9.135002901010945E10  -1.3384787380520467E11  6.053439094207957E10  2.6303494437119038E10  201.42628574448034  -7.396118546749782  155.66453816291067  10.151625975396742  201.45735105837025  -7.3043506056411065
2017.145239214684  2017.1452389066774  3631089188831339264  0.34771811565302085  0.058364163892908875  0.04580942141897349  0.22472049000114203  0.0129706936259642  0.020889577375502167  20.309687827612343  22.786995487246912  -6.550935895274536E11  -2.5707512938535245E11  -9.135002901010945E10  -1.3384787380520467E11  6.053439094207957E10  2.6303494437119038E10  201.42628574448034  -7.396118546749782  155.66453816291067  10.151625975396742  201.44859346652277  -7.731079716176317
2017.145239214684  2017.1452389066774  3631096438736162944  0.14242387508837254  0.04633394588733403  0.08124993120266552  0.17904385406244547  0.0129706936259642  0.020889577375502167  20.309687827612343  22.786995487246912  -6.550935895274536E11  -2.5707512938535245E11  -9.135002901010945E10  -1.3384787380520467E11  6.053439094207957E10  2.6303494437119038E10  201.42628574448034  -7.396118546749782  155.66453816291067  10.151625975396742  201.48607745878388  -7.526079147562508
2017.145239214684  2017.1452390606794  3631075715518049024  0.4475044173313323  0.05788326445218924  0.14984316659640698  0.22485519916540944  0.012969490501117705  0.020886852511100798  20.22871994724908  22.786762449716147  -6.550935076857565E11  -2.570750612972002E11  -9.134999993608589E10  -1.3384794032809482E11  6.053426928374419E10  2.6303442028664654E10  201.42628301819  -7.39611726919817  155.66459208929808  10.151605460295269  201.55277635251633  -7.831721854519078
2017.145239214684  2017.1452390606794  3631485528413582336  -0.5870432344947352  0.05879112465893078  0.05275271670289023  0.22857457167492248  0.012969490501117705  0.020886852511100798  20.22871994724908  22.786762449716147  -6.550935076857565E11  -2.570750612972002E11  -9.134999993608589E10  -1.3384794032809482E11  6.053426928374419E10  2.6303442028664654E10  201.42628301819  -7.39611726919817  155.66459208929808  10.151605460295269  201.4634987361527  -6.796371214764134
2017.145239214684  2017.1452390606794  3631191099815174272  0.11571370662258051  0.06952413880613643  0.07548696586652182  0.2992353221650701  0.012969490501117705  0.020886852511100798  20.22871994724908  22.786762449716147  -6.550935076857565E11  -2.570750612972002E11  -9.134999993608589E10  -1.3384794032809482E11  6.053426928374419E10  2.6303442028664654E10  201.42628301819  -7.39611726919817  155.66459208929808  10.151605460295269  201.4804831744431  -7.499323745004589
2017.145239214684  2017.1452390606794  3631256894418771584  -0.14563226468039323  0.053658662859894034  -0.07435964409032073  0.2296495281655807  0.012969490501117705  0.020886852511100798  20.22871994724908  22.786762449716147  -6.550935076857565E11  -2.570750612972002E11  -9.134999993608589E10  -1.3384794032809482E11  6.053426928374419E10  2.6303442028664654E10  201.42628301819  -7.39611726919817  155.66459208929808  10.151605460295269  201.33164106965066  -7.236694512025911
2017.145239214684  2017.1452390606794  3631266072764288000  -0.26516811240699156  0.0713397768914465  -0.023983997844249615  0.315714811867103  0.012969490501117705  0.020886852511100798  20.22871994724908  22.786762449716147  -6.550935076857565E11  -2.570750612972002E11  -9.134999993608589E10  -1.3384794032809482E11  6.053426928374419E10  2.6303442028664654E10  201.42628301819  -7.39611726919817  155.66459208929808  10.151605460295269  201.3834269424686  -7.117590072993389
2017.145239214684  2017.1452390606794  3631298199119733504  -0.5711044902554123  0.0613562578494754  0.20882507391622757  0.26107234971108845  0.012969490501117705  0.020886852511100798  20.22871994724908  22.786762449716147  -6.550935076857565E11  -2.570750612972002E11  -9.134999993608589E10  -1.3384794032809482E11  6.053426928374419E10  2.6303442028664654E10  201.42628301819  -7.39611726919817  155.66459208929808  10.151605460295269  201.62051664240363  -6.813577663001455
2017.145239214684  2017.1452390606794  3631241265033227392  -0.050697100413388714  0.04449266943680578  0.18599780295737955  0.17535403729928659  0.012969490501117705  0.020886852511100798  20.22871994724908  22.786762449716147  -6.550935076857565E11  -2.570750612972002E11  -9.134999993608589E10  -1.3384794032809482E11  6.053426928374419E10  2.6303442028664654E10  201.42628301819  -7.39611726919817  155.66459208929808  10.151605460295269  201.5933029535788  -7.333806486530173
2017.145239214684  2017.1452390606794  3631239925003381248  -7.861435024771258E-8  0.06872095887140432  -3.750018977344228E-6  0.30739536323631184  0.012969490501117705  0.020886852511100798  20.22871994724908  22.786762449716147  -6.550935076857565E11  -2.570750612972002E11  -9.134999993608589E10  -1.3384794032809482E11  6.053426928374419E10  2.6303442028664654E10  201.42628301819  -7.39611726919817  155.66459208929808  10.151605460295269  201.40532968017268  -7.382970248504823
2017.145239214684  2017.1452390606794  3631255107712373376  -0.2825578590541298  0.05309106842263179  0.15729207524095395  0.20866665655979888  0.012969490501117705  0.020886852511100798  20.22871994724908  22.786762449716147  -6.550935076857565E11  -2.570750612972002E11  -9.134999993608589E10  -1.3384794032809482E11  6.053426928374419E10  2.6303442028664654E10  201.42628301819  -7.39611726919817  155.66459208929808  10.151605460295269  201.56624983214004  -7.101703793637456
2017.145239214684  2017.1452390606794  3631145740665759616  0.06684255827577887  0.06308254242432204  -0.07550996465203187  0.27117654554895126  0.012969490501117705  0.020886852511100798  20.22871994724908  22.786762449716147  -6.550935076857565E11  -2.570750612972002E11  -9.134999993608589E10  -1.3384794032809482E11  6.053426928374419E10  2.6303442028664654E10  201.42628301819  -7.39611726919817  155.66459208929808  10.151605460295269  201.3286039416334  -7.449173145677019
2017.145239214684  2017.1452390606794  3631186628753669888  0.20106760755948908  0.06502342910353719  0.16522364218080124  0.25939499935950155  0.012969490501117705  0.020886852511100798  20.22871994724908  22.786762449716147  -6.550935076857565E11  -2.570750612972002E11  -9.134999993608589E10  -1.3384794032809482E11  6.053426928374419E10  2.6303442028664654E10  201.42628301819  -7.39611726919817  155.66459208929808  10.151605460295269  201.57029528068566  -7.585410107273821
2017.145239214684  2017.1452390606794  3631095407943986048  0.22895952025858554  0.07471198002289897  0.058664978457559386  0.3107017579947133  0.012969490501117705  0.020886852511100798  20.22871994724908  22.786762449716147  -6.550935076857565E11  -2.570750612972002E11  -9.134999993608589E10  -1.3384794032809482E11  6.053426928374419E10  2.6303442028664654E10  201.42628301819  -7.39611726919817  155.66459208929808  10.151605460295269  201.4625610760376  -7.612431781932324
2017.145239214684  2017.1452390606794  3631244559272698112  -0.08871330633849903  0.05213137233994535  -0.03752921368123299  0.22981253757444212  0.012969490501117705  0.020886852511100798  20.22871994724908  22.786762449716147  -6.550935076857565E11  -2.570750612972002E11  -9.134999993608589E10  -1.3384794032809482E11  6.053426928374419E10  2.6303442028664654E10  201.42628301819  -7.39611726919817  155.66459208929808  10.151605460295269  201.36825537925014  -7.293934933562276
2017.145239214684  2017.1452390606794  3631244937229820800  -0.07904603680088021  0.05484086112121944  0.05091507840630367  0.2209573395859916  0.012969490501117705  0.020886852511100798  20.22871994724908  22.786762449716147  -6.550935076857565E11  -2.570750612972002E11  -9.134999993608589E10  -1.3384794032809482E11  6.053426928374419E10  2.6303442028664654E10  201.42628301819  -7.39611726919817  155.66459208929808  10.151605460295269  201.45735105837025  -7.3043506056411065
2017.145239214684  2017.1452390606794  3631089188831339264  0.34771817566455104  0.05766825756763666  0.04580849476500203  0.22936113323667087  0.012969490501117705  0.020886852511100798  20.22871994724908  22.786762449716147  -6.550935076857565E11  -2.570750612972002E11  -9.134999993608589E10  -1.3384794032809482E11  6.053426928374419E10  2.6303442028664654E10  201.42628301819  -7.39611726919817  155.66459208929808  10.151605460295269  201.44859346652277  -7.731079716176317
2017.145239214684  2017.1452390606794  3631096438736162944  0.14242388720049245  0.042721663512300376  0.08124982287965646  0.1772244673559908  0.012969490501117705  0.020886852511100798  20.22871994724908  22.786762449716147  -6.550935076857565E11  -2.570750612972002E11  -9.134999993608589E10  -1.3384794032809482E11  6.053426928374419E10  2.6303442028664654E10  201.42628301819  -7.39611726919817  155.66459208929808  10.151605460295269  201.48607745878388  -7.526079147562508
2017.145239214684  2017.145239214684  3631075715518049024  0.44750440031143507  0.058903008646080446  0.14984275637206387  0.22922837936202994  0.01296822462303688  0.020884132788616158  20.147750663082807  22.786529407834223  -6.550934258427826E11  -2.5707499320774744E11  -9.13499708615058E10  -1.3384800685200858E11  6.0534147623239586E10  2.630338961927526E10  201.42628029183828  -7.396115991618895  155.66464601661323  10.151584944829308  201.55277635251633  -7.831721854519078
2017.145239214684  2017.145239214684  3631485528413582336  -0.5870432888352618  0.05743425345715709  0.05275206477695337  0.23220332165574656  0.01296822462303688  0.020884132788616158  20.147750663082807  22.786529407834223  -6.550934258427826E11  -2.5707499320774744E11  -9.13499708615058E10  -1.3384800685200858E11  6.0534147623239586E10  2.630338961927526E10  201.42628029183828  -7.396115991618895  155.66464601661323  10.151584944829308  201.4634987361527  -6.796371214764134
2017.145239214684  2017.145239214684  3631191099815174272  0.11571368464310107  0.06949694306631174  0.07548641752095062  0.3015385298531037  0.01296822462303688  0.020884132788616158  20.147750663082807  22.786529407834223  -6.550934258427826E11  -2.5707499320774744E11  -9.13499708615058E10  -1.3384800685200858E11  6.0534147623239586E10  2.630338961927526E10  201.42628029183828  -7.396115991618895  155.66464601661323  10.151584944829308  201.4804831744431  -7.499323745004589
2017.145239214684  2017.145239214684  3631256894418771584  -0.14563225231742685  0.0508521949211295  -0.07435983954241214  0.22477283001714388  0.01296822462303688  0.020884132788616158  20.147750663082807  22.786529407834223  -6.550934258427826E11  -2.5707499320774744E11  -9.13499708615058E10  -1.3384800685200858E11  6.0534147623239586E10  2.630338961927526E10  201.42628029183828  -7.396115991618895  155.66464601661323  10.151584944829308  201.33164106965066  -7.236694512025911
2017.145239214684  2017.145239214684  3631266072764288000  -0.2651680947791396  0.06627112628719017  -0.023984051178024848  0.3152362598765176  0.01296822462303688  0.020884132788616158  20.147750663082807  22.786529407834223  -6.550934258427826E11  -2.5707499320774744E11  -9.13499708615058E10  -1.3384800685200858E11  6.0534147623239586E10  2.630338961927526E10  201.42628029183828  -7.396115991618895  155.66464601661323  10.151584944829308  201.3834269424686  -7.117590072993389
2017.145239214684  2017.145239214684  3631298199119733504  -0.5711044401724327  0.06243199892239012  0.2088247571744337  0.2646378306359984  0.01296822462303688  0.020884132788616158  20.147750663082807  22.786529407834223  -6.550934258427826E11  -2.5707499320774744E11  -9.13499708615058E10  -1.3384800685200858E11  6.0534147623239586E10  2.630338961927526E10  201.42628029183828  -7.396115991618895  155.66464601661323  10.151584944829308  201.62051664240363  -6.813577663001455
2017.145239214684  2017.145239214684  3631241265033227392  -0.05069699001683757  0.04666078187358758  0.1860023573236699  0.1766206327553373  0.01296822462303688  0.020884132788616158  20.147750663082807  22.786529407834223  -6.550934258427826E11  -2.5707499320774744E11  -9.13499708615058E10  -1.3384800685200858E11  6.0534147623239586E10  2.630338961927526E10  201.42628029183828  -7.396115991618895  155.66464601661323  10.151584944829308  201.5933029535788  -7.333806486530173
2017.145239214684  2017.145239214684  3631239925003381248  -3.372131439369348E-8  0.0634565936178091  -9.27536891816072E-8  0.3102959839422256  0.01296822462303688  0.020884132788616158  20.147750663082807  22.786529407834223  -6.550934258427826E11  -2.5707499320774744E11  -9.13499708615058E10  -1.3384800685200858E11  6.0534147623239586E10  2.630338961927526E10  201.42628029183828  -7.396115991618895  155.66464601661323  10.151584944829308  201.40532968017268  -7.382970248504823
2017.145239214684  2017.145239214684  3631255107712373376  -0.2825577366137379  0.054751123412615225  0.15729162330891527  0.21395736155915074  0.01296822462303688  0.020884132788616158  20.147750663082807  22.786529407834223  -6.550934258427826E11  -2.5707499320774744E11  -9.13499708615058E10  -1.3384800685200858E11  6.0534147623239586E10  2.630338961927526E10  201.42628029183828  -7.396115991618895  155.66464601661323  10.151584944829308  201.56624983214004  -7.101703793637456
2017.145239214684  2017.145239214684  3631145740665759616  0.06684259590163207  0.05975594224004788  -0.07551037372868327  0.2681215187085327  0.01296822462303688  0.020884132788616158  20.147750663082807  22.786529407834223  -6.550934258427826E11  -2.5707499320774744E11  -9.13499708615058E10  -1.3384800685200858E11  6.0534147623239586E10  2.630338961927526E10  201.42628029183828  -7.396115991618895  155.66464601661323  10.151584944829308  201.3286039416334  -7.449173145677019
2017.145239214684  2017.145239214684  3631186628753669888  0.20106753663376178  0.06494513501098434  0.16522272497302523  0.26338284342573026  0.01296822462303688  0.020884132788616158  20.147750663082807  22.786529407834223  -6.550934258427826E11  -2.5707499320774744E11  -9.13499708615058E10  -1.3384800685200858E11  6.0534147623239586E10  2.630338961927526E10  201.42628029183828  -7.396115991618895  155.66464601661323  10.151584944829308  201.57029528068566  -7.585410107273821
2017.145239214684  2017.145239214684  3631095407943986048  0.22895949513507208  0.0730915214538031  0.058663896556361686  0.31282061274396256  0.01296822462303688  0.020884132788616158  20.147750663082807  22.786529407834223  -6.550934258427826E11  -2.5707499320774744E11  -9.13499708615058E10  -1.3384800685200858E11  6.0534147623239586E10  2.630338961927526E10  201.42628029183828  -7.396115991618895  155.66464601661323  10.151584944829308  201.4625610760376  -7.612431781932324
2017.145239214684  2017.145239214684  3631244559272698112  -0.08871321927461358  0.05996843125464191  -0.03752949355693935  0.23774681473081  0.01296822462303688  0.020884132788616158  20.147750663082807  22.786529407834223  -6.550934258427826E11  -2.5707499320774744E11  -9.13499708615058E10  -1.3384800685200858E11  6.0534147623239586E10  2.630338961927526E10  201.42628029183828  -7.396115991618895  155.66464601661323  10.151584944829308  201.36825537925014  -7.293934933562276
2017.145239214684  2017.145239214684  3631244937229820800  -0.07904601340657175  0.05372549275435227  0.05091701083873247  0.22255018026172182  0.01296822462303688  0.020884132788616158  20.147750663082807  22.786529407834223  -6.550934258427826E11  -2.5707499320774744E11  -9.13499708615058E10  -1.3384800685200858E11  6.0534147623239586E10  2.630338961927526E10  201.42628029183828  -7.396115991618895  155.66464601661323  10.151584944829308  201.45735105837025  -7.3043506056411065
2017.145239214684  2017.145239214684  3631089188831339264  0.3477181936848595  0.056031957685913326  0.04580798964931855  0.23111037650052457  0.01296822462303688  0.020884132788616158  20.147750663082807  22.786529407834223  -6.550934258427826E11  -2.5707499320774744E11  -9.13499708615058E10  -1.3384800685200858E11  6.0534147623239586E10  2.630338961927526E10  201.42628029183828  -7.396115991618895  155.66464601661323  10.151584944829308  201.44859346652277  -7.731079716176317
2017.145239214684  2017.145239214684  3631096438736162944  0.14242374124601564  0.044334767431272105  0.08124910349077459  0.1785362814574037  0.01296822462303688  0.020884132788616158  20.147750663082807  22.786529407834223  -6.550934258427826E11  -2.5707499320774744E11  -9.13499708615058E10  -1.3384800685200858E11  6.0534147623239586E10  2.630338961927526E10  201.42628029183828  -7.396115991618895  155.66464601661323  10.151584944829308  201.48607745878388  -7.526079147562508
2017.145239214684  2017.1452393686898  3631075715518049024  0.4475043704144585  0.057207703476677405  0.1498426102032876  0.23366954189166428  0.012966989625214333  0.020881427512145972  20.06678077510058  22.78629636390408  -6.55093343999302E11  -2.5707492511780066E11  -9.134994178671478E10  -1.3384807337628874E11  6.053402596176778E10  2.630333720946867E10  201.42627756546344  -7.396114714029122  155.66469994432333  10.151564429201551  201.55277635251633  -7.831721854519078
2017.145239214684  2017.1452393686898  3631485528413582336  -0.5870430653282588  0.053318229003728124  0.05275193409790242  0.23196473515732213  0.012966989625214333  0.020881427512145972  20.06678077510058  22.78629636390408  -6.55093343999302E11  -2.5707492511780066E11  -9.134994178671478E10  -1.3384807337628874E11  6.053402596176778E10  2.630333720946867E10  201.42627756546344  -7.396114714029122  155.66469994432333  10.151564429201551  201.4634987361527  -6.796371214764134
2017.145239214684  2017.1452393686898  3631191099815174272  0.11571372547915001  0.06542366751672933  0.0754856910089989  0.29832090524374505  0.012966989625214333  0.020881427512145972  20.06678077510058  22.78629636390408  -6.55093343999302E11  -2.5707492511780066E11  -9.134994178671478E10  -1.3384807337628874E11  6.053402596176778E10  2.630333720946867E10  201.42627756546344  -7.396114714029122  155.66469994432333  10.151564429201551  201.4804831744431  -7.499323745004589
2017.145239214684  2017.1452393686898  3631256894418771584  -0.14563223134929065  0.048809605505496234  -0.07435841190008986  0.21913863208540715  0.012966989625214333  0.020881427512145972  20.06678077510058  22.78629636390408  -6.55093343999302E11  -2.5707492511780066E11  -9.134994178671478E10  -1.3384807337628874E11  6.053402596176778E10  2.630333720946867E10  201.42627756546344  -7.396114714029122  155.66469994432333  10.151564429201551  201.33164106965066  -7.236694512025911
2017.145239214684  2017.1452393686898  3631266072764288000  -0.2651681951794408  0.06653172239755888  -0.02398484778447796  0.3135983857933898  0.012966989625214333  0.020881427512145972  20.06678077510058  22.78629636390408  -6.55093343999302E11  -2.5707492511780066E11  -9.134994178671478E10  -1.3384807337628874E11  6.053402596176778E10  2.630333720946867E10  201.42627756546344  -7.396114714029122  155.66469994432333  10.151564429201551  201.3834269424686  -7.117590072993389
2017.145239214684  2017.1452393686898  3631241265033227392  -0.05069708787470536  0.04428003977824949  0.18600204303365744  0.18920938424859196  0.012966989625214333  0.020881427512145972  20.06678077510058  22.78629636390408  -6.55093343999302E11  -2.5707492511780066E11  -9.134994178671478E10  -1.3384807337628874E11  6.053402596176778E10  2.630333720946867E10  201.42627756546344  -7.396114714029122  155.66469994432333  10.151564429201551  201.5933029535788  -7.333806486530173
2017.145239214684  2017.1452393686898  3631239925003381248  3.722901118153737E-8  0.06607312703104966  -1.0364492470252098E-6  0.3120084677611012  0.012966989625214333  0.020881427512145972  20.06678077510058  22.78629636390408  -6.55093343999302E11  -2.5707492511780066E11  -9.134994178671478E10  -1.3384807337628874E11  6.053402596176778E10  2.630333720946867E10  201.42627756546344  -7.396114714029122  155.66469994432333  10.151564429201551  201.40532968017268  -7.382970248504823
2017.145239214684  2017.1452393686898  3631255107712373376  -0.2825577769394714  0.05196543304651949  0.1572907804242458  0.2165621366535779  0.012966989625214333  0.020881427512145972  20.06678077510058  22.78629636390408  -6.55093343999302E11  -2.5707492511780066E11  -9.134994178671478E10  -1.3384807337628874E11  6.053402596176778E10  2.630333720946867E10  201.42627756546344  -7.396114714029122  155.66469994432333  10.151564429201551  201.56624983214004  -7.101703793637456
2017.145239214684  2017.1452393686898  3631145740665759616  0.06684253212115043  0.05701349131649634  -0.07551116833515009  0.264351987874601  0.012966989625214333  0.020881427512145972  20.06678077510058  22.78629636390408  -6.55093343999302E11  -2.5707492511780066E11  -9.134994178671478E10  -1.3384807337628874E11  6.053402596176778E10  2.630333720946867E10  201.42627756546344  -7.396114714029122  155.66469994432333  10.151564429201551  201.3286039416334  -7.449173145677019
2017.145239214684  2017.1452393686898  3631186628753669888  0.2010675791955233  0.06380179564732974  0.16522180315447876  0.2701786892155651  0.012966989625214333  0.020881427512145972  20.06678077510058  22.78629636390408  -6.55093343999302E11  -2.5707492511780066E11  -9.134994178671478E10  -1.3384807337628874E11  6.053402596176778E10  2.630333720946867E10  201.42627756546344  -7.396114714029122  155.66469994432333  10.151564429201551  201.57029528068566  -7.585410107273821
2017.145239214684  2017.1452393686898  3631095407943986048  0.2289595143652967  0.06953884810638472  0.05866307978249721  0.3131321624184493  0.012966989625214333  0.020881427512145972  20.06678077510058  22.78629636390408  -6.55093343999302E11  -2.5707492511780066E11  -9.134994178671478E10  -1.3384807337628874E11  6.053402596176778E10  2.630333720946867E10  201.42627756546344  -7.396114714029122  155.66469994432333  10.151564429201551  201.4625610760376  -7.612431781932324
2017.145239214684  2017.1452393686898  3631244559272698112  -0.08871313971046932  0.05960495237070829  -0.03752466129831754  0.2680619132479187  0.012966989625214333  0.020881427512145972  20.06678077510058  22.78629636390408  -6.55093343999302E11  -2.5707492511780066E11  -9.134994178671478E10  -1.3384807337628874E11  6.053402596176778E10  2.630333720946867E10  201.42627756546344  -7.396114714029122  155.66469994432333  10.151564429201551  201.36825537925014  -7.293934933562276
2017.145239214684  2017.1452393686898  3631244937229820800  -0.07904595981335376  0.05005839353744187  0.05091947967527212  0.2211755704903044  0.012966989625214333  0.020881427512145972  20.06678077510058  22.78629636390408  -6.55093343999302E11  -2.5707492511780066E11  -9.134994178671478E10  -1.3384807337628874E11  6.053402596176778E10  2.630333720946867E10  201.42627756546344  -7.396114714029122  155.66469994432333  10.151564429201551  201.45735105837025  -7.3043506056411065
2017.145239214684  2017.1452393686898  3631089188831339264  0.34771816765613744  0.05269710410229276  0.04580696019805382  0.22974447291344405  0.012966989625214333  0.020881427512145972  20.06678077510058  22.78629636390408  -6.55093343999302E11  -2.5707492511780066E11  -9.134994178671478E10  -1.3384807337628874E11  6.053402596176778E10  2.630333720946867E10  201.42627756546344  -7.396114714029122  155.66469994432333  10.151564429201551  201.44859346652277  -7.731079716176317
2017.145239214684  2017.1452393686898  3631096438736162944  0.14242381900083073  0.0399902171212107  0.0812483499633518  0.1813215194933582  0.012966989625214333  0.020881427512145972  20.06678077510058  22.78629636390408  -6.55093343999302E11  -2.5707492511780066E11  -9.134994178671478E10  -1.3384807337628874E11  6.053402596176778E10  2.630333720946867E10  201.42627756546344  -7.396114714029122  155.66469994432333  10.151564429201551  201.48607745878388  -7.526079147562508
2017.145239214684  2017.1452395226838  3631075715518049024  0.44750439404424786  0.050700073039410744  0.14984283731208692  0.20112448701052926  0.012965734445180255  0.020878727773360875  19.985816970847566  22.78606333717288  -6.550932621620984E11  -2.5707485703290076E11  -9.134991271407806E10  -1.3384813989544081E11  6.053390430937714E10  2.630328480357355E10  201.42627483928365  -7.396113436531555  155.66475386797424  10.151543915106446  201.55277635251633  -7.831721854519078
2017.145239214684  2017.1452395226838  3631485528413582336  -0.5870430436958349  0.05582235358771594  0.052751372109543185  0.2347734366687946  0.012965734445180255  0.020878727773360875  19.985816970847566  22.78606333717288  -6.550932621620984E11  -2.5707485703290076E11  -9.134991271407806E10  -1.3384813989544081E11  6.053390430937714E10  2.630328480357355E10  201.42627483928365  -7.396113436531555  155.66475386797424  10.151543915106446  201.4634987361527  -6.796371214764134
2017.145239214684  2017.1452395226838  3631191099815174272  0.11571373603940965  0.06786913670777281  0.07548475978163806  0.30336493502021766  0.012965734445180255  0.020878727773360875  19.985816970847566  22.78606333717288  -6.550932621620984E11  -2.5707485703290076E11  -9.134991271407806E10  -1.3384813989544081E11  6.053390430937714E10  2.630328480357355E10  201.42627483928365  -7.396113436531555  155.66475386797424  10.151543915106446  201.4804831744431  -7.499323745004589
2017.145239214684  2017.1452395226838  3631256894418771584  -0.14563222625476313  0.04972871036853765  -0.07435556016294127  0.21681387504749  0.012965734445180255  0.020878727773360875  19.985816970847566  22.78606333717288  -6.550932621620984E11  -2.5707485703290076E11  -9.134991271407806E10  -1.3384813989544081E11  6.053390430937714E10  2.630328480357355E10  201.42627483928365  -7.396113436531555  155.66475386797424  10.151543915106446  201.33164106965066  -7.236694512025911
2017.145239214684  2017.1452395226838  3631266072764288000  -0.26516816965310214  0.06946115775376742  -0.02398490163022272  0.312852967641782  0.012965734445180255  0.020878727773360875  19.985816970847566  22.78606333717288  -6.550932621620984E11  -2.5707485703290076E11  -9.134991271407806E10  -1.3384813989544081E11  6.053390430937714E10  2.630328480357355E10  201.42627483928365  -7.396113436531555  155.66475386797424  10.151543915106446  201.3834269424686  -7.117590072993389
2017.145239214684  2017.1452395226838  3631298199119733504  -0.57110448707735  0.06361554873788947  0.20882405616118194  0.26577348343306223  0.012965734445180255  0.020878727773360875  19.985816970847566  22.78606333717288  -6.550932621620984E11  -2.5707485703290076E11  -9.134991271407806E10  -1.3384813989544081E11  6.053390430937714E10  2.630328480357355E10  201.42627483928365  -7.396113436531555  155.66475386797424  10.151543915106446  201.62051664240363  -6.813577663001455
2017.145239214684  2017.1452395226838  3631241265033227392  -0.05069703454243631  0.04691743309233187  0.18600139777055785  0.19280750821926632  0.012965734445180255  0.020878727773360875  19.985816970847566  22.78606333717288  -6.550932621620984E11  -2.5707485703290076E11  -9.134991271407806E10  -1.3384813989544081E11  6.053390430937714E10  2.630328480357355E10  201.42627483928365  -7.396113436531555  155.66475386797424  10.151543915106446  201.5933029535788  -7.333806486530173
2017.145239214684  2017.1452395226838  3631239925003381248  -3.300038697079837E-8  0.06846399892201116  -1.8630886123630732E-6  0.3128911060804967  0.012965734445180255  0.020878727773360875  19.985816970847566  22.78606333717288  -6.550932621620984E11  -2.5707485703290076E11  -9.134991271407806E10  -1.3384813989544081E11  6.053390430937714E10  2.630328480357355E10  201.42627483928365  -7.396113436531555  155.66475386797424  10.151543915106446  201.40532968017268  -7.382970248504823
2017.145239214684  2017.1452395226838  3631255107712373376  -0.28255785632584257  0.0567349648161095  0.1572909301506311  0.21812266359548085  0.012965734445180255  0.020878727773360875  19.985816970847566  22.78606333717288  -6.550932621620984E11  -2.5707485703290076E11  -9.134991271407806E10  -1.3384813989544081E11  6.053390430937714E10  2.630328480357355E10  201.42627483928365  -7.396113436531555  155.66475386797424  10.151543915106446  201.56624983214004  -7.101703793637456
2017.145239214684  2017.1452395226838  3631145740665759616  0.06684247925504798  0.05828743403564361  -0.07551200083699969  0.26384046352631413  0.012965734445180255  0.020878727773360875  19.985816970847566  22.78606333717288  -6.550932621620984E11  -2.5707485703290076E11  -9.134991271407806E10  -1.3384813989544081E11  6.053390430937714E10  2.630328480357355E10  201.42627483928365  -7.396113436531555  155.66475386797424  10.151543915106446  201.3286039416334  -7.449173145677019
2017.145239214684  2017.1452395226838  3631186628753669888  0.20106755901057713  0.06547917728739575  0.16522071872534272  0.27302427366399207  0.012965734445180255  0.020878727773360875  19.985816970847566  22.78606333717288  -6.550932621620984E11  -2.5707485703290076E11  -9.134991271407806E10  -1.3384813989544081E11  6.053390430937714E10  2.630328480357355E10  201.42627483928365  -7.396113436531555  155.66475386797424  10.151543915106446  201.57029528068566  -7.585410107273821
2017.145239214684  2017.1452395226838  3631095407943986048  0.22895952272300568  0.07148659546668581  0.058661849709727695  0.32084394819731826  0.012965734445180255  0.020878727773360875  19.985816970847566  22.78606333717288  -6.550932621620984E11  -2.5707485703290076E11  -9.134991271407806E10  -1.3384813989544081E11  6.053390430937714E10  2.630328480357355E10  201.42627483928365  -7.396113436531555  155.66475386797424  10.151543915106446  201.4625610760376  -7.612431781932324
2017.145239214684  2017.1452395226838  3631244559272698112  -0.08871318888315056  0.05018657507251121  -0.03752532881608215  0.22553386990376748  0.012965734445180255  0.020878727773360875  19.985816970847566  22.78606333717288  -6.550932621620984E11  -2.5707485703290076E11  -9.134991271407806E10  -1.3384813989544081E11  6.053390430937714E10  2.630328480357355E10  201.42627483928365  -7.396113436531555  155.66475386797424  10.151543915106446  201.36825537925014  -7.293934933562276
2017.145239214684  2017.1452395226838  3631244937229820800  -0.07904596601319895  0.052786694306253636  0.05091832296351367  0.2243986699106172  0.012965734445180255  0.020878727773360875  19.985816970847566  22.78606333717288  -6.550932621620984E11  -2.5707485703290076E11  -9.134991271407806E10  -1.3384813989544081E11  6.053390430937714E10  2.630328480357355E10  201.42627483928365  -7.396113436531555  155.66475386797424  10.151543915106446  201.45735105837025  -7.3043506056411065
2017.145239214684  2017.1452395226838  3631089188831339264  0.34771814616560115  0.05527012707608622  0.04580697203187655  0.23427611389779485  0.012965734445180255  0.020878727773360875  19.985816970847566  22.78606333717288  -6.550932621620984E11  -2.5707485703290076E11  -9.134991271407806E10  -1.3384813989544081E11  6.053390430937714E10  2.630328480357355E10  201.42627483928365  -7.396113436531555  155.66475386797424  10.151543915106446  201.44859346652277  -7.731079716176317
2017.145239214684  2017.1452395226838  3631096438736162944  0.14242398464114972  0.04201197750906703  0.08124716016508916  0.18480957094905898  0.012965734445180255  0.020878727773360875  19.985816970847566  22.78606333717288  -6.550932621620984E11  -2.5707485703290076E11  -9.134991271407806E10  -1.3384813989544081E11  6.053390430937714E10  2.630328480357355E10  201.42627483928365  -7.396113436531555  155.66475386797424  10.151543915106446  201.48607745878388  -7.526079147562508
2017.145239214684  2017.1452396766856  3631075715518049024  0.4475043863581526  0.06126013970746124  0.14984333186119347  0.23586860467959195  0.012964482065150171  0.02087602443134058  19.904849189670735  22.785830298683567  -6.550931803210061E11  -2.570747889445739E11  -9.134988363997716E10  -1.3384820641773059E11  6.0533782650951004E10  2.6303232395077908E10  201.42627211295897  -7.396112158966995  155.66480779426666  10.15152339999489  201.55277635251633  -7.831721854519078
2017.145239214684  2017.1452396766856  3631485528413582336  -0.5870433472701041  0.055300279769458976  0.05275146809367431  0.23535920027690008  0.012964482065150171  0.02087602443134058  19.904849189670735  22.785830298683567  -6.550931803210061E11  -2.570747889445739E11  -9.134988363997716E10  -1.3384820641773059E11  6.0533782650951004E10  2.6303232395077908E10  201.42627211295897  -7.396112158966995  155.66480779426666  10.15152339999489  201.4634987361527  -6.796371214764134
2017.145239214684  2017.1452396766856  3631191099815174272  0.11571371769997148  0.06618073681388278  0.07548390923804199  0.3024848900323268  0.012964482065150171  0.02087602443134058  19.904849189670735  22.785830298683567  -6.550931803210061E11  -2.570747889445739E11  -9.134988363997716E10  -1.3384820641773059E11  6.0533782650951004E10  2.6303232395077908E10  201.42627211295897  -7.396112158966995  155.66480779426666  10.15152339999489  201.4804831744431  -7.499323745004589
2017.145239214684  2017.1452396766856  3631256894418771584  -0.14563217396974484  0.05048397873690604  -0.07435625858260123  0.21731152713042684  0.012964482065150171  0.02087602443134058  19.904849189670735  22.785830298683567  -6.550931803210061E11  -2.570747889445739E11  -9.134988363997716E10  -1.3384820641773059E11  6.0533782650951004E10  2.6303232395077908E10  201.42627211295897  -7.396112158966995  155.66480779426666  10.15152339999489  201.33164106965066  -7.236694512025911
2017.145239214684  2017.1452396766856  3631266072764288000  -0.2651679887309116  0.06795902535136093  -0.02398021596638253  0.3113498850509059  0.012964482065150171  0.02087602443134058  19.904849189670735  22.785830298683567  -6.550931803210061E11  -2.570747889445739E11  -9.134988363997716E10  -1.3384820641773059E11  6.0533782650951004E10  2.6303232395077908E10  201.42627211295897  -7.396112158966995  155.66480779426666  10.15152339999489  201.3834269424686  -7.117590072993389
2017.145239214684  2017.1452396766856  3631298199119733504  -0.5711044980571182  0.06444390737220704  0.20882431521571684  0.27008520578942263  0.012964482065150171  0.02087602443134058  19.904849189670735  22.785830298683567  -6.550931803210061E11  -2.570747889445739E11  -9.134988363997716E10  -1.3384820641773059E11  6.0533782650951004E10  2.6303232395077908E10  201.42627211295897  -7.396112158966995  155.66480779426666  10.15152339999489  201.62051664240363  -6.813577663001455
2017.145239214684  2017.1452396766856  3631241265033227392  -0.05069710243182886  0.04851412283180547  0.18600049583615033  0.18444187358929776  0.012964482065150171  0.02087602443134058  19.904849189670735  22.785830298683567  -6.550931803210061E11  -2.570747889445739E11  -9.134988363997716E10  -1.3384820641773059E11  6.0533782650951004E10  2.6303232395077908E10  201.42627211295897  -7.396112158966995  155.66480779426666  10.15152339999489  201.5933029535788  -7.333806486530173
2017.145239214684  2017.1452396766856  3631239925003381248  -2.14631672675974E-8  0.06616547179846655  -2.941755444242921E-6  0.31285809255880304  0.012964482065150171  0.02087602443134058  19.904849189670735  22.785830298683567  -6.550931803210061E11  -2.570747889445739E11  -9.134988363997716E10  -1.3384820641773059E11  6.0533782650951004E10  2.6303232395077908E10  201.42627211295897  -7.396112158966995  155.66480779426666  10.15152339999489  201.40532968017268  -7.382970248504823
2017.145239214684  2017.1452396766856  3631255107712373376  -0.2825577654672016  0.056201416508736286  0.15729583496039176  0.2181898226486519  0.012964482065150171  0.02087602443134058  19.904849189670735  22.785830298683567  -6.550931803210061E11  -2.570747889445739E11  -9.134988363997716E10  -1.3384820641773059E11  6.0533782650951004E10  2.6303232395077908E10  201.42627211295897  -7.396112158966995  155.66480779426666  10.15152339999489  201.56624983214004  -7.101703793637456
2017.145239214684  2017.1452396766856  3631145740665759616  0.06684249059464478  0.05907270759274141  -0.0755129320616465  0.26182297510770147  0.012964482065150171  0.02087602443134058  19.904849189670735  22.785830298683567  -6.550931803210061E11  -2.570747889445739E11  -9.134988363997716E10  -1.3384820641773059E11  6.0533782650951004E10  2.6303232395077908E10  201.42627211295897  -7.396112158966995  155.66480779426666  10.15152339999489  201.3286039416334  -7.449173145677019
2017.145239214684  2017.1452396766856  3631186628753669888  0.2010675410254994  0.06734645571923974  0.16522009242652128  0.2712143135117367  0.012964482065150171  0.02087602443134058  19.904849189670735  22.785830298683567  -6.550931803210061E11  -2.570747889445739E11  -9.134988363997716E10  -1.3384820641773059E11  6.0533782650951004E10  2.6303232395077908E10  201.42627211295897  -7.396112158966995  155.66480779426666  10.15152339999489  201.57029528068566  -7.585410107273821
2017.145239214684  2017.1452396766856  3631095407943986048  0.22895953093724467  0.07043383767540902  0.058661482198664  0.3167249968161341  0.012964482065150171  0.02087602443134058  19.904849189670735  22.785830298683567  -6.550931803210061E11  -2.570747889445739E11  -9.134988363997716E10  -1.3384820641773059E11  6.0533782650951004E10  2.6303232395077908E10  201.42627211295897  -7.396112158966995  155.66480779426666  10.15152339999489  201.4625610760376  -7.612431781932324
2017.145239214684  2017.1452396766856  3631244559272698112  -0.08871319922893176  0.04939506858664683  -0.03752579021659654  0.22387214128719643  0.012964482065150171  0.02087602443134058  19.904849189670735  22.785830298683567  -6.550931803210061E11  -2.570747889445739E11  -9.134988363997716E10  -1.3384820641773059E11  6.0533782650951004E10  2.6303232395077908E10  201.42627211295897  -7.396112158966995  155.66480779426666  10.15152339999489  201.36825537925014  -7.293934933562276
2017.145239214684  2017.1452396766856  3631244937229820800  -0.07904598381244085  0.051948926247826696  0.05091769898467156  0.22497696225414984  0.012964482065150171  0.02087602443134058  19.904849189670735  22.785830298683567  -6.550931803210061E11  -2.570747889445739E11  -9.134988363997716E10  -1.3384820641773059E11  6.0533782650951004E10  2.6303232395077908E10  201.42627211295897  -7.396112158966995  155.66480779426666  10.15152339999489  201.45735105837025  -7.3043506056411065
2017.145239214684  2017.1452396766856  3631089188831339264  0.3477181978570111  0.05401124698226316  0.045807245531733064  0.2342610684586689  0.012964482065150171  0.02087602443134058  19.904849189670735  22.785830298683567  -6.550931803210061E11  -2.570747889445739E11  -9.134988363997716E10  -1.3384820641773059E11  6.0533782650951004E10  2.6303232395077908E10  201.42627211295897  -7.396112158966995  155.66480779426666  10.15152339999489  201.44859346652277  -7.731079716176317
2017.145239214684  2017.1452396766856  3631096438736162944  0.14242377146433094  0.04137098064486621  0.08124607644347256  0.18346315851225517  0.012964482065150171  0.02087602443134058  19.904849189670735  22.785830298683567  -6.550931803210061E11  -2.570747889445739E11  -9.134988363997716E10  -1.3384820641773059E11  6.0533782650951004E10  2.6303232395077908E10  201.42627211295897  -7.396112158966995  155.66480779426666  10.15152339999489  201.48607745878388  -7.526079147562508
2017.145239214684  2017.1452398305942  3631075715518049024  0.44750440061017266  0.060674628601543046  0.1498434163802305  0.2331182325449772  0.012963242343692092  0.020873319302947564  19.82393041376325  22.78559740092705  -6.550930985295735E11  -2.5707472089739383E11  -9.134985458344548E10  -1.3384827289962859E11  6.0533661066098045E10  2.6303180018275845E10  201.42626938827507  -7.39611088217209  155.66486168791326  10.151502897291179  201.55277635251633  -7.831721854519078
2017.145239214684  2017.1452398305942  3631485528413582336  -0.5870432693674987  0.05779572216153252  0.05275185615397002  0.23575322200963275  0.012963242343692092  0.020873319302947564  19.82393041376325  22.78559740092705  -6.550930985295735E11  -2.5707472089739383E11  -9.134985458344548E10  -1.3384827289962859E11  6.0533661066098045E10  2.6303180018275845E10  201.42626938827507  -7.39611088217209  155.66486168791326  10.151502897291179  201.4634987361527  -6.796371214764134
2017.145239214684  2017.1452398305942  3631191099815174272  0.1157137106871521  0.068077488731672  0.0754831934131681  0.3055884903834667  0.012963242343692092  0.020873319302947564  19.82393041376325  22.78559740092705  -6.550930985295735E11  -2.5707472089739383E11  -9.134985458344548E10  -1.3384827289962859E11  6.0533661066098045E10  2.6303180018275845E10  201.42626938827507  -7.39611088217209  155.66486168791326  10.151502897291179  201.4804831744431  -7.499323745004589
2017.145239214684  2017.1452398305942  3631256894418771584  -0.14563220732171203  0.0630421330127258  -0.07435725257792704  0.26087572990264746  0.012963242343692092  0.020873319302947564  19.82393041376325  22.78559740092705  -6.550930985295735E11  -2.5707472089739383E11  -9.134985458344548E10  -1.3384827289962859E11  6.0533661066098045E10  2.6303180018275845E10  201.42626938827507  -7.39611088217209  155.66486168791326  10.151502897291179  201.33164106965066  -7.236694512025911
2017.145239214684  2017.1452398305942  3631266072764288000  -0.2651679854918825  0.06767020439900462  -0.023980709199625062  0.31290069729066455  0.012963242343692092  0.020873319302947564  19.82393041376325  22.78559740092705  -6.550930985295735E11  -2.5707472089739383E11  -9.134985458344548E10  -1.3384827289962859E11  6.0533661066098045E10  2.6303180018275845E10  201.42626938827507  -7.39611088217209  155.66486168791326  10.151502897291179  201.3834269424686  -7.117590072993389
2017.145239214684  2017.1452398305942  3631241265033227392  -0.050697020989020125  0.04923757136129723  0.18599988247246135  0.1808104479489848  0.012963242343692092  0.020873319302947564  19.82393041376325  22.78559740092705  -6.550930985295735E11  -2.5707472089739383E11  -9.134985458344548E10  -1.3384827289962859E11  6.0533661066098045E10  2.6303180018275845E10  201.42626938827507  -7.39611088217209  155.66486168791326  10.151502897291179  201.5933029535788  -7.333806486530173
2017.145239214684  2017.1452398305942  3631239925003381248  -2.1809708026735792E-8  0.0663743315127661  -3.383540539410171E-6  0.3093788707794156  0.012963242343692092  0.020873319302947564  19.82393041376325  22.78559740092705  -6.550930985295735E11  -2.5707472089739383E11  -9.134985458344548E10  -1.3384827289962859E11  6.0533661066098045E10  2.6303180018275845E10  201.42626938827507  -7.39611088217209  155.66486168791326  10.151502897291179  201.40532968017268  -7.382970248504823
2017.145239214684  2017.1452398305942  3631255107712373376  -0.28255776500567664  0.05596992683787472  0.15729508124541547  0.2187457217804622  0.012963242343692092  0.020873319302947564  19.82393041376325  22.78559740092705  -6.550930985295735E11  -2.5707472089739383E11  -9.134985458344548E10  -1.3384827289962859E11  6.0533661066098045E10  2.6303180018275845E10  201.42626938827507  -7.39611088217209  155.66486168791326  10.151502897291179  201.56624983214004  -7.101703793637456
2017.145239214684  2017.1452398305942  3631145740665759616  0.06684248892459618  0.05940119700313668  -0.07551363565139851  0.26114059961005115  0.012963242343692092  0.020873319302947564  19.82393041376325  22.78559740092705  -6.550930985295735E11  -2.5707472089739383E11  -9.134985458344548E10  -1.3384827289962859E11  6.0533661066098045E10  2.6303180018275845E10  201.42626938827507  -7.39611088217209  155.66486168791326  10.151502897291179  201.3286039416334  -7.449173145677019
2017.145239214684  2017.1452398305942  3631186628753669888  0.2010675864485162  0.06714894357145633  0.16522022999537644  0.27018881555763075  0.012963242343692092  0.020873319302947564  19.82393041376325  22.78559740092705  -6.550930985295735E11  -2.5707472089739383E11  -9.134985458344548E10  -1.3384827289962859E11  6.0533661066098045E10  2.6303180018275845E10  201.42626938827507  -7.39611088217209  155.66486168791326  10.151502897291179  201.57029528068566  -7.585410107273821
2017.145239214684  2017.1452398305942  3631095407943986048  0.22895952447866075  0.07181769193589375  0.058661981193916135  0.31896009867917746  0.012963242343692092  0.020873319302947564  19.82393041376325  22.78559740092705  -6.550930985295735E11  -2.5707472089739383E11  -9.134985458344548E10  -1.3384827289962859E11  6.0533661066098045E10  2.6303180018275845E10  201.42626938827507  -7.39611088217209  155.66486168791326  10.151502897291179  201.4625610760376  -7.612431781932324
2017.145239214684  2017.1452398305942  3631244559272698112  -0.08871321298056613  0.04922160998675077  -0.03752668958851288  0.22081256582564673  0.012963242343692092  0.020873319302947564  19.82393041376325  22.78559740092705  -6.550930985295735E11  -2.5707472089739383E11  -9.134985458344548E10  -1.3384827289962859E11  6.0533661066098045E10  2.6303180018275845E10  201.42626938827507  -7.39611088217209  155.66486168791326  10.151502897291179  201.36825537925014  -7.293934933562276
2017.145239214684  2017.1452398305942  3631244937229820800  -0.07904593987804442  0.054069816616693904  0.05091729359937109  0.22607005148334428  0.012963242343692092  0.020873319302947564  19.82393041376325  22.78559740092705  -6.550930985295735E11  -2.5707472089739383E11  -9.134985458344548E10  -1.3384827289962859E11  6.0533661066098045E10  2.6303180018275845E10  201.42626938827507  -7.39611088217209  155.66486168791326  10.151502897291179  201.45735105837025  -7.3043506056411065
2017.145239214684  2017.1452398305942  3631089188831339264  0.3477181983260773  0.055859404695920614  0.045807476895584884  0.2335111222679261  0.012963242343692092  0.020873319302947564  19.82393041376325  22.78559740092705  -6.550930985295735E11  -2.5707472089739383E11  -9.134985458344548E10  -1.3384827289962859E11  6.0533661066098045E10  2.6303180018275845E10  201.42626938827507  -7.39611088217209  155.66486168791326  10.151502897291179  201.44859346652277  -7.731079716176317
2017.145239214684  2017.1452398305942  3631096438736162944  0.14242390309898498  0.046130286569297616  0.08124650009727967  0.18418898260360583  0.012963242343692092  0.020873319302947564  19.82393041376325  22.78559740092705  -6.550930985295735E11  -2.5707472089739383E11  -9.134985458344548E10  -1.3384827289962859E11  6.0533661066098045E10  2.6303180018275845E10  201.42626938827507  -7.39611088217209  155.66486168791326  10.151502897291179  201.48607745878388  -7.526079147562508
